        0.000000000000000000000000000000        -1.000000000000000000000000000000        -0.000000000000000000000000000000
        0.299388421057283304893559261473        -0.987416731772528311061876138410        -0.179029573425824178878329462350
        0.595117460143188559129612258403        -0.949867313850192851454323772487        -0.352274233275089942996061154190
        0.883578039976004037114876155101        -0.887949954567748167555407690088        -0.514135991653113078037051764113
        1.161260977510100378395918596652        -0.802651870706538761446324770077        -0.659384671971473101947935901990
        1.424805153451410344445093869581        -0.695334740693750674722650728654        -0.783326909627483303211192833260
        1.671043577218036091380781726912        -0.567714634603855294869845238281        -0.881957806884947514980410687713
        1.897046693001288808488880022196        -0.421836711370307981816552000964        -0.952090341590515754077728161064
        2.100162312143479148573987913551        -0.260045049365629221682638672064        -0.991458348191686433814595602598
        2.278051605423008219020175602054        -0.084948046983655767228071908903        -0.998789743470523960766627169505
        2.428720645329487837216220214032         0.100620105956331085117483326030        -0.973847630878195258397056477406
        2.550547052209964249414042569697         0.293641328192619288639519936623        -0.917437955281809824903405115037
        2.642301368354845969577127107186         0.490958311664603963553332732772        -0.831383460778683081038309410360
        2.703162859660342753898021328496         0.689321303895742532041879258031        -0.718464793069126250735223493393
        2.732729524367011109120539913420         0.885436330321050402147875502123        -0.582330649524081866985625310917
        2.731022171383873597960700863041         1.076014157656838499121931818081        -0.427379880233829778646281738474
        2.698482515671647874455629789736         1.257819288374252941764552815584        -0.258619349661110831117838415594
        2.635965323856122033419069339288         1.427718275533473413219098802074        -0.081502151760269120339685855470
        2.544724728442313566034727045917         1.582726656674965370896757121955         0.098248593745108678265687274234
        2.426394912477727316968412196729         1.720053825013449388947606166766         0.274824670323124020665517264206
        2.282965447069527975543223874411         1.837145185559164506372553660185         0.442520443294852072746436988382
        2.116751640638679710093583707931         1.931720982578069234492090799904         0.595917223807764240284257084568
        1.930360330095561849361729400698         2.001811232440935839349549496546         0.730058360839299536060309492314
        1.726651609222471073223914572736         2.045786251716499748454225482419         0.840609403550194533849548861326
        1.508697047513908096050272433786         2.062382333534094946969617012655         0.923998158723187912322316606151
        1.279735002723788817036165710306         2.050722194868593639682785578771         0.977530117665097009194141719490
        1.043123671682158137841156531067         2.010329892484123970319842555909         0.999475522827284024174332444090
        0.802292555980306576479677005409         1.941139984733490253532295355399         0.989125260794369798311720387574
        0.560693041423316662630327300576         1.843500799104948795203995359770         0.946813775592608930509186393465
        0.321748802394085320344174760976         1.718171750147874599079500512744         0.873908261929022378566855877580
        0.088806744288490224725762800517         1.566314737975206927700355663546         0.772764487555987145128710835706
       -0.134910811059660185051711778215         1.389479742702739217818930228532         0.646650672256183445263388875901
       -0.346352010422492750940648420510         1.189584813718376654634312217240         0.499641883116902441042128657500
       -0.542678766396789247217213869590         0.968890733376756463357537541015         0.336488358458505054660037103531
       -0.721306846213101482412355380802         0.729970711425150797779792810616         0.162462015215154187419699383099
       -0.879942178178302669699917260004         0.475675538081541282586783836450        -0.016813900484350600972316414072
       -1.016612856667692632584021339426         0.209094689174747827564715407789        -0.195546515100544243681568445936
       -1.129696388910546911432675187825        -0.066486064823131574286207978730        -0.367960510572384658090072662162
       -1.217941795697338847048740717582        -0.347629943530834484288760677373        -0.528484739942930770162377029919
       -1.280486252585441686591138932272        -0.630796690943452476041386489669        -0.671932245682861473135005780932
       -1.316866037120530297244158646208        -0.912391682420138239173468264198        -0.793667863849152666055886129470
       -1.327021629886384834762225182203        -1.188815904601209672009076712129        -0.889757998350359624595284913084
       -1.311296901661135994032747476012        -1.456516095599333482368820114061        -0.957097725720417291661590297736
       -1.270432404377088486668867517437        -1.712034330154679651059268508106        -0.993511123313415844826579359506
       -1.205552868724184989446257532109        -1.952056342056194271350477720262        -0.997821579053074336762563234515
       -1.118149094878144511611139932938        -2.173457893902330795299349119887        -0.969889810845085853507896445080
       -1.010054503769198586127231465071        -2.373348531950515649668886908330        -0.910618367145730411849058327789
       -0.883416693371033789894397614262        -2.549112100988718321303849734250        -0.821922463261603231110541400994
       -0.740664416572694106477570130664        -2.698443440321431019413012108998        -0.706668095735877965779536680202
       -0.584470463261137163080150003225        -2.819380736433962475473435915774        -0.568579434507069603199624907575
       -0.417710988337984479024100892275        -2.910333069901177349692034113104        -0.412118485241756593584483425730
       -0.243421878670039254499712910729        -2.970102762749831093458396935603        -0.242340910265923775712693100104
       -0.064752794691361401091533878116        -2.997902206781708933647223602748        -0.064732666897565890873345040291
        0.115080444079802460266570562908        -2.993364932251148413655528202071         0.114967258176876307995684101115
        0.292844436455979795219661809824        -2.956550758632264574998771422543         0.290952290566490801015930856011
        0.465337032883507473179918179085        -2.887944953825924088164356362540         0.457535893775319779663846020412
        0.629435713898614079830906575808        -2.788451413828900271596467064228         0.609335316063560838983903522603
        0.782144809562737464148085564375        -2.659379960387443730951417819597         0.741445521229060378054498414713
        0.920640872422577638545249101298        -2.502427938256650996606822445756         0.849597683150863702827848555899
        1.042315543176985492834774049697        -2.319656375177878704363365613972         0.930297122721696512215316943184
        1.144815284403453814476847583137        -2.113461045398655979710156316287         0.980936230066491554602237101790
        1.226077402880958455710924681625        -1.886538850377185161377724398335         0.999878723234854160928364308347
        1.284361834592891993267471661966        -1.641849997191025645193462878524         0.986512520748810461945765837299
        1.318278227633070009972016123356        -1.382576515146720641524780148757         0.941269519555601785754106458626
        1.326807926089212941178629989736        -1.112077703303000930645794142038         0.865611639308157987393599341885
        1.309320531565236311877242769697        -0.833843145325439683013257763378         0.761983583919033313769375581614
        1.265584797266849026442514514201        -0.551443962657876429744874258176         0.633733846785500376519451037893
        1.195773691387700399246796223451        -0.268483001930126474743332209982         0.485006512213503215846799321298
        1.100463550717908134402023279108         0.011455332534951789824617662816         0.320607349219338200185802634223
        0.980627330741266289848567794252         0.284854885512356492682783937198         0.145848524568429255277024481074
        0.837622043762972889879847571137         0.548316486892671761665951635223        -0.033623047221138471774004585768
        0.673170560588680744196210525843         0.798604922576821363300325629098        -0.212008170450092514602857818318
        0.489338032748568019236756754253         1.032693471582686317589150348795        -0.383542755412609959186909236450
        0.288503270054026206281605482218         1.247805375974963659757577261189        -0.542684071204452611603130662843
        0.073325481268633696529946064402         1.441451654590692577073696156731        -0.684289845849551103817987041111
       -0.153293147181583822025174868031         1.611464724338574239226318240981        -0.803784426551620967416056373622
       -0.388248499208960540229895741504         1.756027353341161445499096771528        -0.897306630998707444035744629218
       -0.628278615889079405931738619984         1.873696537493687142017506630509        -0.961834512258452400956798555853
       -0.870010189032152214672066747880         1.963421965163765881001722846122        -0.995283005784127428050567232276
       -1.110006794316334532979340110614         2.024558812699433829607187362853        -0.996571303301381883343879053427
       -1.344818171281799923377775485278         2.056874695027700372662593508721        -0.965657776549277979682983641396
       -1.571029841927351400343582099595         2.060550679737983337247442250373        -0.903541322398233037738179973530
       -1.785312354278677737795533175813         2.036176358444286016435853525763        -0.812229085880604384506398218946
       -1.984469442189039201096534270619         1.984739054678695158173695745063        -0.694671604087153005124832816364
       -2.165484407719730608476993438671         1.907607331857446464340455349884        -0.554667466599701675100675402064
       -2.325564057514816873606378067052         1.806509046767380555209570047737        -0.396740573130613671803956776785
       -2.462179559272818174520125467097         1.683504272367312815106288326206        -0.225993954495692567219222723907
       -2.573103628230749784222552989377         1.540953487359159268521580088418        -0.047944880347053686620029111509
       -2.656443505884412470408051376580         1.381481497898649379862945352215         0.131653418233832725237064664725
       -2.710669253222479646581177803455         1.207937618008997571195095588337         0.306997650673759669981421893681
       -2.734636947688970032288580114255         1.023352688853304215399475651793         0.472421986398469273549238778287
       -2.727606445947586610856205879827         0.830893562243057548499791664653         0.622581132631373601604707346269
       -2.689253452256213261506445633131         0.633815709960939277500813204824         0.752623054778057465341589704622
       -2.619675713753804480177223013015         0.435414647136984578335017204154         0.858345758349269627451860742440
       -2.519393248044500488447283714777         0.238976874655168924910242367332         0.936333066388670864910181990126
       -2.389342593926989000152616426931         0.047731052143378027707854016626         0.984065005081643406903424420307
       -2.230865161733218471340478572529        -0.135199890579854153926930848684         0.999999230697498964204328331107
       -2.045689844279121594183834531577        -0.306845009609612473511219832289         0.983620866747772493177137675957
       -1.835910131676723899829539732309        -0.464429300498784725093059932988         0.935459140991663495867669553263
       -1.603956052029502199474109147559        -0.605414712667927013001190061914         0.857070284703511986457158400299
       -1.352561334199795739507976577443        -0.727537630814618307972807542683         0.750987246771676164591724500497
       -1.084726257331922960602810235287        -0.828842280720164081841971892572         0.620637847497748196268219089689
       -0.803676713653830532280153420288        -0.907709575932031831335677907191         0.470234016760834983017502963776
       -0.512820065374238964750475133769        -0.962880987846499558635571247578         0.304635695551394414248846942428
       -0.215698422461416405848666499878        -0.993477093775707253975326693762         0.129193798571888590620559966737
